2021-006DA              
1 47509U 21006DA  21033.79944395  .00000708  00000-0  45053-4 0  9999
2 47509  97.5023  97.3057 0008551 202.2452 157.8408 15.11911189  1696
2021-006DB              
1 47510U 21006DB  21033.60115194  .00001239  00000-0  76138-4 0  9996
2 47510  97.5091  97.1216 0008297 201.5987 158.4895 15.11871198  1669
2021-006DC              
1 47511U 21006DC  21033.60134954  .00001328  00000-0  81429-4 0  9990
2 47511  97.5070  97.1164 0008152 202.4870 157.6004 15.11838982  1667
2021-006DD              
1 47512U 21006DD  21034.13102463  .00000727  00000-0  46328-4 0  9991
2 47512  97.5159  97.6552 0008251 203.9022 156.1827 15.11806208  1749
2021-006DE              
1 47514U 21006DE  21033.07211374  .00000718  00000-0  45799-4 0  9998
2 47514  97.5055  96.5966 0008080 208.1669 151.9125 15.11786466  2543
2021-006DF              
1 47515U 21006DF  21033.80019919  .00000587  00000-0  38141-4 0  9998
2 47515  97.5048  97.3132 0008469 207.6928 152.3852 15.11784899  1698
2021-006DG              
1 47516U 21006DG  21033.80040969  .00000639  00000-0  41197-4 0  9991
2 47516  97.5164  97.3285 0008247 207.8752 152.2037 15.11750083  2657
2021-006DJ              
1 47518U 21006DJ  21033.80052243  .00001431  00000-0  87691-4 0  9991
2 47518  97.5057  97.3139 0008289 209.1575 150.9194 15.11737629  2663
2021-006DL              
1 47520U 21006DL  21034.13158659  .00000661  00000-0  42560-4 0  9999
2 47520  97.5062  97.6378 0007897 205.0493 155.0355 15.11714876  1740
2021-006DH              
1 47517U 21006DH  21033.60210718  .00000596  00000-0  38770-4 0  9996
2 47517  97.5054  97.1119 0007271 205.5758 154.5114 15.11697723  1669
2021-006DK              
1 47519U 21006DK  21033.60211132  .00000567  00000-0  37020-4 0  9994
2 47519  97.5094  97.1206 0009845 189.8293 170.2746 15.11699768  1666
2021-006DM              
1 47521U 21006DM  21033.80069488  .00000675  00000-0  43393-4 0  9994
2 47521  97.5159  97.3274 0008114 209.0698 151.0081 15.11703608  2669
2021-006DN              
1 47522U 21006DN  21034.13168162  .00000445  00000-0  29906-4 0  9990
2 47522  97.5151  97.6528 0007925 206.1132 153.9700 15.11698045  2710
2021-006DS              
1 47526U 21006DS  21033.60215570  .00001459  00000-0  89399-4 0  9999
2 47526  97.5051  97.1167 0007923 209.4309 150.6477 15.11703398  2620
2021-006EE              
1 47544U 21006EE  21032.80784449  .00000636  00000-0  41072-4 0  9998
2 47544  97.5072  96.3385 0007685 210.5456 149.5328 15.11697639  2506
2021-006DT              
1 47527U 21006DT  21034.46270612  .00000487  00000-0  32346-4 0  9993
2 47527  97.5058  97.9640 0008258 207.3649 152.7148 15.11689532  2753
2021-006DU              
1 47528U 21006DU  21034.46272877  .00000637  00000-0  41159-4 0  9998
2 47528  97.5153  97.9774 0008145 206.8967 153.1842 15.11686788  2756
2021-006DV              
1 47529U 21006DV  21033.80079051  .00001354  00000-0  83246-4 0  9995
2 47529  97.5079  97.3126 0007523 201.2701 158.8218 15.11693416  2657
2021-006DW              
1 47530U 21006DW  21033.80094214  .00000487  00000-0  32382-4 0  9996
2 47530  97.5145  97.3268 0007581 206.1666 153.9182 15.11661520  2655
2021-006DX              
1 47531U 21006DX  21033.80100863  .00001180  00000-0  73157-4 0  9991
2 47531  97.5164  97.3266 0008228 211.9740 148.0992 15.11655871  2657
2021-006BM              
1 47472U 21006BM  21033.80107468  .00001404  00000-0  86303-4 0  9999
2 47472  97.5147  97.3252 0007941 210.8125 149.2640 15.11644082  1691
2021-006BN              
1 47473U 21006BN  21033.80112050  .00001639  00000-0  10019-3 0  9993
2 47473  97.5138  97.3252 0007422 206.8495 153.2352 15.11638892  1698
2021-006BP              
1 47474U 21006BP  21033.86734259  .00001636  00000-0  10000-3 0  9998
2 47474  97.5049  97.3790 0007982 212.8072 147.2686 15.11630593  1701
2021-006BQ              
1 47475U 21006BQ  21034.13213559  .00000898  00000-0  56608-4 0  9999
2 47475  97.5072  97.6387 0007518 206.3399 153.7450 15.11629454  1747
2021-006BR              
1 47476U 21006BR  21033.66884291  .00001391  00000-0  85611-4 0  9999
2 47476  97.5156  97.1951 0008138 213.5749 146.4967 15.11619811  1671
2021-006BS              
1 47477U 21006BS  21033.60274384  .00001412  00000-0  86883-4 0  9996
2 47477  97.5135  97.1292 0007296 208.0760 152.0077 15.11600680  1661
2021-006BT              
1 47478U 21006BT  21033.80136198  .00000620  00000-0  40278-4 0  9997
2 47478  97.5077  97.3153 0007933 212.3424 147.7321 15.11591872  1696
2021-006BU              
1 47479U 21006BU  21034.13240453  .00000753  00000-0  48116-4 0  9991
2 47479  97.5079  97.6396 0007343 206.8727 153.2124 15.11585570  1747
2021-006DQ              
1 47524U 21006DQ  21033.80149463  .00001233  00000-0  76403-4 0  9998
2 47524  97.5042  97.3113 0008811 216.5040 143.5590 15.11575878  1692
2021-006DP              
1 47523U 21006DP  21034.46351994  .00000416  00000-0  28287-4 0  9993
2 47523  97.5085  97.9665 0007896 210.4652 149.6121 15.11563338  1796
2021-006BL              
1 47471U 21006BL  21033.86773281  .00000645  00000-0  41782-4 0  9994
2 47471  97.5124  97.3865 0007759 212.4948 147.5805 15.11565096  1706
2021-006BJ              
1 47469U 21006BJ  21033.66926938  .00000532  00000-0  35150-4 0  9995
2 47469  97.5092  97.1861 0007164 209.4333 150.6495 15.11541306  1679
2021-006BA              
1 47461U 21006BA  21033.93407564  .00001078  00000-0  67361-4 0  9991
2 47461  97.5073  97.4439 0007417 211.3866 148.6922 15.11545539  1717
2021-006BB              
1 47462U 21006BB  21034.33138644  .00000324  00000-0  22879-4 0  9995
2 47462  97.5095  97.8375 0007758 211.9222 148.1539 15.11521915  1772
2021-006BG              
1 47467U 21006BG  21033.80195030  .00001157  00000-0  72091-4 0  9999
2 47467  97.5030  97.3093 0008833 218.8771 141.1825 15.11499837  1697
2021-006BC              
1 47463U 21006BC  21033.80234925  .00001193  00000-0  74334-4 0  9994
2 47463  97.5026  97.3082 0008775 220.7655 139.2919 15.11434029  1698
